778030675 13539
3484637698 17635
1130267045 152
3423744231 616
203613471 121
1342928892 16614
1556864969 13595
504872477 895
3751858217 329
2381909124 121
4006624065 486
848250669 1178
815895282 21850
2637920423 259
1734060172 12758
1404112505 17088
3967745591 11068
3887593738 2339
274725947 2215
2696799522 12715
2156613124 7983
2029543131 14325
85548968 5479
2687925642 625
2743451371 291
3514414232 133
472556892 11636
330950210 1594
658791072 12249
489355722 134
999673541 351
2027098262 2300
2576458778 4792
764656507 837
652836330 16251
2337576672 135
1642922996 118
3741913855 2848
4082729778 13792
3413685093 16754
1494466401 20522
2535799745 13802
3100174097 121
2666102302 251
1917098158 9395
3024781561 104628
134504485 10637
4004946292 13115
1763127140 58341
3108407374 357
861865968 1233
222123769 14204
3463642427 13574
2118156828 17514
3669370121 138285
2295665878 23054
751763910 11414
1087345987 2207
3105938401 343
3504381664 611
178793178 60952
2049760687 18692
2064870249 19418
3322931052 666
2465333732 795
3989082322 11882
2751739888 133
770880528 185
1497450879 1267
1356403441 15278
996461087 130
3898409182 1641
346190242 413
4163405339 3421
1482249013 33440
4163405339 3421
3133682371 3731
2798439941 442
1270790491 860
2081926755 2632
2211430810 8040
2888985795 1722
3215329636 548
744092267 123
3589233355 4991
3556736166 6439
2671650452 1633
1075651959 1154
3392755808 9351
3716796523 388100
3739193183 10590
2122833049 2270
2921104555 9066
1237107378 22957
1101072075 2411
1015157217 73856
1614981344 781
1852302236 1442
2525995335 15296
597070828 1181
848250669 1178
3097832660 1050
3807199185 14352
1161730256 172
326581674 319
1865364277 4157
1522290022 14261
2985462307 1334
678126118 111
1998746765 256
489355722 134
4249282961 291
94179568 335
534432957 25674
3730383882 712
1120778756 4985
2879904702 132511
1016996519 22623
2791685580 1193
2052206122 18835
3179412054 7163
2890157902 856
4276132226 247
4244758592 539
1208169629 10993
2439865402 216
4163405339 3421
2436502022 1359
3436393835 4744
2525758911 7580
431162262 11045
264438787 17453
4082495077 56950
2620343626 3421
2372104445 8343
3647685691 40844
2266702092 11790
3867616634 2251
1502853274 7745
2884348909 6971
1598284294 14824
1851857121 32430
982942271 11788
1997605705 966
668954116 17408
1891514208 4489
1083795655 47478
2841883186 1303
4186445725 83645
50893766 4464
1159242348 29452
2067329697 1299
1402991300 1329
2921811826 4963
3506238665 235
4105381581 30256
2562390387 11555
1092252570 702
1095981659 18736
1523689109 141862
80291334 126307
2856450238 11976
2246743035 2817
168214573 2536
4163405339 3421
2027407368 18015
1157951952 3358
2882760602 3237
3683394519 2678
1800447326 10887
475305621 18581
3076746404 78795
120375130 15747
3720659820 15630
1443370652 511
800942827 67769
1926244743 9537
2887005796 391
4221788029 791
3993514665 14192
674786177 9197
911817625 6055
2620343626 3421
1642922996 118
1445988890 1834
1571062560 14681
2149573999 19563
4108167063 208
683300234 20647
1607736359 18019
3843060374 4180
984861337 2410
3029666227 1060
873476615 43961
4260620299 4568
3417071542 735
890160001 10860
1582585455 5292
2555856475 2191
938253932 6190